# Optimized BLOSUM substitution matrix
A R N D C Q E G H I L K M F P S T W Y V B Z X * 
162.575517752 -23.5788140031 -107.133418996 75.0303405655 -18.0847650418 -87.110236862 36.4927534239 -48.9639420131 -90.6512485747 190.97232645 125.339743531 34.8655310669 117.426656121 87.7088208069 59.7251482178 116.913221494 68.523149994 85.024144264 -45.0398608386 52.2939901447 -6.37846796882 -42.6761621184 30.8587993336 18.4976339823 
-23.5788140031 103.029485748 -118.902436158 -29.761421821 -0.60129149462 -54.2359230266 16.3896243408 34.5338730081 -26.0115223612 99.037787535 -22.5529191971 15.6689823496 67.4716553501 -75.7755148245 32.2818353427 -59.719412633 21.7605382086 -103.604078672 -25.3651059248 -66.1178157045 48.1831449719 70.5106168165 -89.6188774105 -44.2484303006 
-107.133418996 -118.902436158 48.7754889949 30.6681613134 -43.4913178155 -116.773400532 101.008365476 -33.1749830803 -48.5122493539 -48.9022347505 166.986288797 79.4756329316 -38.4477717818 -49.7330705064 7.06289366126 52.6268960915 -53.4619725694 98.0610554171 -24.6880765548 15.3537814287 -87.7796330963 116.625202356 -3.6145039755 80.661907526 
75.0303405655 -29.761421821 30.6681613134 5.92389261294 -17.6537764191 6.71373433132 -65.4788239319 0.194570438352 -56.3937111695 -48.6809435687 -31.3808622115 -88.744346354 -32.0474208982 -77.4671084246 14.536390662 -117.009425625 74.9757844491 -98.4679083151 3.25401444281 -135.658525115 -101.351040824 -21.772379218 -81.3760770651 35.1571159992 
-18.0847650418 -0.60129149462 -43.4913178155 -17.6537764191 41.3703177679 128.364781182 169.205248397 43.6721316977 43.2736565307 77.1289949932 -151.178374189 -5.97885754979 12.416734348 8.37851383557 19.1281281963 87.2330748746 -127.907345675 140.116542916 67.5622165601 143.718495827 76.8269879708 89.2048799661 121.806113451 55.0399428033 
-87.110236862 -54.2359230266 -116.773400532 6.71373433132 128.364781182 75.1266736538 -39.378832966 -84.3585273696 -40.2937246104 57.6242912071 24.1648590948 -105.0161144 -22.1376125151 6.36291609996 -106.987249496 -0.194734361521 -124.954284586 -93.9851094832 -65.4402674698 -132.314343878 -73.9839852927 83.4643558948 83.2086013906 34.2509108562 
36.4927534239 16.3896243408 101.008365476 -65.4788239319 169.205248397 -39.378832966 2.46594498737 -39.4269549269 -12.5154978635 -22.7806933318 -222.611069924 182.095681915 70.728919508 54.6680545547 -43.2149738854 36.0500506221 89.3426420442 -89.4710701637 65.0386687559 21.7271062642 0.821286059007 -47.3779411679 159.877482845 -129.027519738 
-48.9639420131 34.5338730081 -33.1749830803 0.194570438352 43.6721316977 -84.3585273696 -39.4269549269 41.1741066369 -3.97838772635 -112.670043121 51.9770656417 143.208417356 -122.622025669 -77.3955023154 -140.355847515 22.9516343244 4.15879054597 -97.3004619071 -1.23357187288 0.405222486698 -32.5054166561 46.1879524706 -139.227178592 206.569728496 
-90.6512485747 -26.0115223612 -48.5122493539 -56.3937111695 43.2736565307 -40.2937246104 -12.5154978635 -3.97838772635 16.4021541971 -49.4916736901 19.8565591384 -39.3738546489 68.7624320086 -3.59718997781 40.5047312707 67.8368635578 124.555323136 46.9784315197 57.3511097046 -115.747738428 23.276095159 7.71000469895 -29.6912299195 -122.253321525 
190.97232645 99.037787535 -48.9022347505 -48.6809435687 77.1289949932 57.6242912071 -22.7806933318 -112.670043121 -49.4916736901 134.12884865 13.5658952978 50.63535611 205.111006558 98.7936674385 -143.659205497 27.6130736018 15.4273594976 -12.2685635603 209.713439906 32.5251960789 -3.31877217445 -5.69639653461 -77.7489887802 -104.684393168 
125.339743531 -22.5529191971 166.986288797 -31.3808622115 -151.178374189 24.1648590948 -222.611069924 51.9770656417 19.8565591384 13.5658952978 -61.544102211 182.69604662 78.496675004 -7.31534797504 -64.0144919695 -58.3542640084 -76.4629548693 -65.3425268402 31.2918850374 60.2589830103 -189.167669843 -70.4238915868 3.11919443304 25.2501452125 
34.8655310669 15.6689823496 79.4756329316 -88.744346354 -5.97885754979 -105.0161144 182.095681915 143.208417356 -39.3738546489 50.63535611 182.69604662 -19.8392044166 67.5339936014 -88.3909388449 13.5949281451 43.3348240163 53.8503757397 -120.674003003 126.343811743 -96.4029912534 -38.5533774512 81.0139426176 -30.4808784738 -24.9984148524 
117.426656121 67.4716553501 -38.4477717818 -32.0474208982 12.416734348 -22.1376125151 70.728919508 -122.622025669 68.7624320086 205.111006558 78.496675004 67.5339936014 148.54663799 -151.106787694 93.1183877412 -32.7719473509 85.4728652059 157.024927425 62.3022255108 -63.5593738057 79.6293974923 -0.416773792582 131.820010268 36.2515872733 
87.7088208069 -75.7755148245 -49.7330705064 -77.4671084246 8.37851383557 6.36291609996 54.6680545547 -77.3955023154 -3.59718997781 98.7936674385 -7.31534797504 -88.3909388449 -151.106787694 -69.3894849459 17.2511053121 127.756334326 16.685023357 23.9546734452 164.356026338 -44.246340016 11.4773756465 47.0465691411 -102.66091575 -143.011590137 
59.7251482178 32.2818353427 7.06289366126 14.536390662 19.1281281963 -106.987249496 -43.2149738854 -140.355847515 40.5047312707 -143.659205497 -64.0144919695 13.5949281451 93.1183877412 17.2511053121 -23.7036123383 -21.4452728301 -179.647198556 -117.183826504 -52.4674575874 -17.6428995693 28.1038792658 -11.4756041944 31.3609854584 69.5460236882 
116.913221494 -59.719412633 52.6268960915 -117.009425625 87.2330748746 -0.194734361521 36.0500506221 22.9516343244 67.8368635578 27.6130736018 -58.3542640084 43.3348240163 -32.7719473509 127.756334326 -21.4452728301 -82.7199579446 -95.5986342926 -29.4857351578 -39.3352857177 85.7732263711 15.8298870231 -99.2009448799 -149.296373877 -152.01788756 
68.523149994 21.7605382086 -53.4619725694 74.9757844491 -127.907345675 -124.954284586 89.3426420442 4.15879054597 124.555323136 15.4273594976 -76.4629548693 53.8503757397 85.4728652059 16.685023357 -179.647198556 -95.5986342926 -53.2345752426 -107.399507519 -167.707789657 127.406849131 46.8036475942 153.441427233 -182.513269567 -67.5572590628 
85.024144264 -103.604078672 98.0610554171 -98.4679083151 140.116542916 -93.9851094832 -89.4710701637 -97.3004619071 46.9784315197 -12.2685635603 -65.3425268402 -120.674003003 157.024927425 23.9546734452 -117.183826504 -29.4857351578 -107.399507519 -78.4569551373 -128.829490154 119.30042074 -60.940577341 -86.1114870108 35.4579595999 29.4990584151 
-45.0398608386 -25.3651059248 -24.6880765548 3.25401444281 67.5622165601 -65.4402674698 65.0386687559 -1.23357187288 57.3511097046 209.713439906 31.2918850374 126.343811743 62.3022255108 164.356026338 -52.4674575874 -39.3352857177 -167.707789657 -128.829490154 121.009238616 48.2974548752 -272.52276237 -5.75407323489 -35.9443276024 -50.2263383346 
52.2939901447 -66.1178157045 15.3537814287 -135.658525115 143.718495827 -132.314343878 21.7271062642 0.405222486698 -115.747738428 32.5251960789 60.2589830103 -96.4029912534 -63.5593738057 -44.246340016 -17.6428995693 85.7732263711 127.406849131 119.30042074 48.2974548752 34.4727959389 59.4576758058 -73.2840048889 -76.8806634004 141.820754613 
-6.37846796882 48.1831449719 -87.7796330963 -101.351040824 76.8269879708 -73.9839852927 0.821286059007 -32.5054166561 23.276095159 -3.31877217445 -189.167669843 -38.5533774512 79.6293974923 11.4773756465 28.1038792658 15.8298870231 46.8036475942 -60.940577341 -272.52276237 59.4576758058 11.3700445686 -6.78930214922 -79.8578220279 193.315841338 
-42.6761621184 70.5106168165 116.625202356 -21.772379218 89.2048799661 83.4643558948 -47.3779411679 46.1879524706 7.71000469895 -5.69639653461 -70.4238915868 81.0139426176 -0.416773792582 47.0465691411 -11.4756041944 -99.2009448799 153.441427233 -86.1114870108 -5.75407323489 -73.2840048889 -6.78930214922 47.6434287224 136.926819649 -111.289745411 
30.8587993336 -89.6188774105 -3.6145039755 -81.3760770651 121.806113451 83.2086013906 159.877482845 -139.227178592 -29.6912299195 -77.7489887802 3.11919443304 -30.4808784738 131.820010268 -102.66091575 31.3609854584 -149.296373877 -182.513269567 35.4579595999 -35.9443276024 -76.8806634004 -79.8578220279 136.926819649 -57.3346243618 -140.132844291 
18.4976339823 -44.2484303006 80.661907526 35.1571159992 55.0399428033 34.2509108562 -129.027519738 206.569728496 -122.253321525 -104.684393168 25.2501452125 -24.9984148524 36.2515872733 -143.011590137 69.5460236882 -152.01788756 -67.5572590628 29.4990584151 -50.2263383346 141.820754613 193.315841338 -111.289745411 -140.132844291 30.8132025948 
