# Optimized MATIO substitution matrix
A R N D C Q E G H I L K M F P S T W Y V B Z X * 
8.34590830091 -144.060368695 1.05184267801 195.194078059 -62.9725655249 -29.9039801224 221.206471333 89.651605882 130.0766585 21.6400056011 -105.927187491 -64.0816416096 -165.119243791 105.07125726 0.250998912969 -46.6390469911 63.0754365044 -134.464539559 49.653137307 -177.727606993 256.252210203 262.79473697 -31.1821966385 -410.533480718 
-144.060368695 -6.97643517426 4.55077737022 -1.98642722266 -141.679408793 -9.16868894704 253.267429195 53.6241573654 -22.9568177755 17.4944113348 -15.0303883243 -1.77363663994 -13.4358317028 -26.2834452993 131.12100146 -154.673014171 12.9701979674 156.807292628 99.2032792885 -88.8028714815 115.474404301 -32.448382612 -83.6944692944 52.6084727848 
1.05184267801 4.55077737022 6.78489899832 50.7030558721 -144.421981261 -89.8160059594 16.5066180631 21.4492488489 118.664117776 -327.258503137 -199.177279639 -62.075681199 128.026898741 204.948433686 143.032601577 32.9276236484 -202.83939392 62.7572388763 -159.028174489 -140.514460687 -163.413897864 248.248567975 99.7990389384 -132.953319293 
195.194078059 -1.98642722266 50.7030558721 110.083838202 -19.6138325138 -183.189047574 -128.887106804 -35.2827158566 -61.9848704664 -57.8799438477 64.3592180719 97.571750728 101.754396476 -43.4179646504 -6.57201104132 -90.4730728533 -165.018006951 -10.7437773189 -79.8992299469 136.905661287 -19.8689846257 -16.3697625376 -122.1366219 -10.4494933341 
-62.9725655249 -141.679408793 -144.421981261 -19.6138325138 33.948468674 115.230415624 158.289707606 64.5048431532 154.950103537 25.7695621408 -16.8063260638 -101.454922936 -27.5194955622 78.7350266477 42.6631924213 -95.4656566313 -6.66613182087 124.779008694 105.250609505 116.395779533 49.7550993287 78.1568628745 -194.462103807 -104.619031112 
-29.9039801224 -9.16868894704 -89.8160059594 -183.189047574 115.230415624 104.707507652 -78.1511621337 111.357109664 -66.2143391114 -21.0306348804 -27.0931508642 42.6825202736 -1.67022898154 50.8209993961 -83.6620471411 -92.8867302214 -27.6187011221 149.670964547 16.4324824667 -29.6177267645 -65.7980012565 83.8469110536 -198.711331152 -9.47910238864 
221.206471333 253.267429195 16.5066180631 -128.887106804 158.289707606 -78.1511621337 -116.186746039 -104.383038083 30.7958665965 -36.6469396816 299.976720355 78.9689327782 -34.499983772 -92.2609919832 -198.376603613 -49.8826276971 32.0445330463 133.822727676 -73.6691696353 109.706724811 -150.683159252 -17.1719915125 35.5086527317 36.8701499581 
89.651605882 53.6241573654 21.4492488489 -35.2827158566 64.5048431532 111.357109664 -104.383038083 192.776013987 -29.712088748 -148.886812503 15.9205644513 -229.988904937 -23.83483768 7.49193561327 83.9276438254 161.40467764 -40.0688525147 -38.2558904805 84.6052442173 12.800014202 -164.823183347 14.1409338063 173.824609372 -178.721117248 
130.0766585 -22.9568177755 118.664117776 -61.9848704664 154.950103537 -66.2143391114 30.7958665965 -29.712088748 -52.8814217986 8.31710509916 148.448823664 -135.83171027 -107.720687332 -53.9885446715 232.570345085 162.410308947 59.3505872955 -127.273577 -99.8861599602 -136.283963163 81.8293739219 272.165055601 -141.418999787 -61.7577009605 
21.6400056011 17.4944113348 -327.258503137 -57.8799438477 25.7695621408 -21.0306348804 -36.6469396816 -148.886812503 8.31710509916 56.8702279895 -28.1839331613 -265.160831415 198.070352147 80.3979876103 -141.910174921 -117.327549246 -22.4967835586 85.8713731454 200.299989276 157.793973043 -180.331036231 97.1226779556 -52.7057092774 108.452643842 
-105.927187491 -15.0303883243 -199.177279639 64.3592180719 -16.8063260638 -27.0931508642 299.976720355 15.9205644513 148.448823664 -28.1839331613 53.3137958838 41.7924177159 287.518786881 -58.5176014697 -101.433510814 -39.288013369 -60.4199608741 -24.3320825865 -27.0079880787 -68.2474047078 82.9049055973 10.9543042589 39.0908959497 -70.5182883681 
-64.0816416096 -1.77363663994 -62.075681199 97.571750728 -101.454922936 42.6825202736 78.9689327782 -229.988904937 -135.83171027 -265.160831415 41.7924177159 19.8127786116 -122.578731619 -41.8743344784 -80.1379996449 27.4036892432 104.151429767 -134.281353865 -36.628817376 -56.2458954811 -4.44026685284 -141.62414696 153.80532068 -145.670916528 
-165.119243791 -13.4358317028 128.026898741 101.754396476 -27.5194955622 -1.67022898154 -34.499983772 -23.83483768 -107.720687332 198.070352147 287.518786881 -122.578731619 100.498237274 172.585577584 111.397845715 117.020323978 -88.929410624 89.3157160638 -14.2715160689 -140.187584105 -233.734894972 -100.46767017 209.044916214 -100.264714162 
105.07125726 -26.2834452993 204.948433686 -43.4179646504 78.7350266477 50.8209993961 -92.2609919832 7.49193561327 -53.9885446715 80.3979876103 -58.5176014697 -41.8743344784 172.585577584 20.99831033 -40.503765357 -154.749274655 6.04394377834 -37.9331464221 111.081806172 -107.681208672 -1.34304728184 140.121694804 -35.2414147731 -25.9836474461 
0.250998912969 131.12100146 143.032601577 -6.57201104132 42.6631924213 -83.6620471411 -198.376603613 83.9276438254 232.570345085 -141.910174921 -101.433510814 -80.1379996449 111.397845715 -40.503765357 152.317235972 53.9253054275 -250.191224222 -45.3329482076 -60.8941337356 -223.695865172 29.4802021428 161.742458772 239.875872258 -117.321481916 
-46.6390469911 -154.673014171 32.9276236484 -90.4730728533 -95.4656566313 -92.8867302214 -49.8826276971 161.40467764 162.410308947 -117.327549246 -39.288013369 27.4036892432 117.020323978 -154.749274655 53.9253054275 -187.865915568 -141.72836894 4.13640543936 -198.914097997 -25.3853049518 -175.797372131 -39.9296173461 -117.926463021 126.697181187 
63.0754365044 12.9701979674 -202.83939392 -165.018006951 -6.66613182087 -27.6187011221 32.0445330463 -40.0688525147 59.3505872955 -22.4967835586 -60.4199608741 104.151429767 -88.929410624 6.04394377834 -250.191224222 -141.72836894 167.566222388 -124.512983688 -190.110779013 209.382431492 -170.997107299 10.3612009299 56.1630549866 23.6179199385 
-134.464539559 156.807292628 62.7572388763 -10.7437773189 124.779008694 149.670964547 133.822727676 -38.2558904805 -127.273577 85.8713731454 -24.3320825865 -134.281353865 89.3157160638 -37.9331464221 -45.3329482076 4.13640543936 -124.512983688 -56.6316623841 -129.780533605 -30.74282167 -98.7386456294 101.82804738 18.7570062371 -50.0816628158 
49.653137307 99.2032792885 -159.028174489 -79.8992299469 105.250609505 16.4324824667 -73.6691696353 84.6052442173 -99.8861599602 200.299989276 -27.0079880787 -36.628817376 -14.2715160689 111.081806172 -60.8941337356 -198.914097997 -190.110779013 -129.780533605 48.2196143172 -77.050376 20.3500282513 71.1604640147 17.1070251254 193.505512584 
-177.727606993 -88.8028714815 -140.514460687 136.905661287 116.395779533 -29.6177267645 109.706724811 12.800014202 -136.283963163 157.793973043 -68.2474047078 -56.2458954811 -140.187584105 -107.681208672 -223.695865172 -25.3853049518 209.382431492 -30.74282167 -77.050376 194.184948977 13.8105780563 47.3199596274 -345.921568012 -240.476535553 
256.252210203 115.474404301 -163.413897864 -19.8689846257 49.7550993287 -65.7980012565 -150.683159252 -164.823183347 81.8293739219 -180.331036231 82.9049055973 -4.44026685284 -233.734894972 -1.34304728184 29.4802021428 -175.797372131 -170.997107299 -98.7386456294 20.3500282513 13.8105780563 44.4428964489 111.798155261 26.65257832 68.7076773507 
262.79473697 -32.448382612 248.248567975 -16.3697625376 78.1568628745 83.8469110536 -17.1719915125 14.1409338063 272.165055601 97.1226779556 10.9543042589 -141.62414696 -100.46767017 140.121694804 161.742458772 -39.9296173461 10.3612009299 101.82804738 71.1604640147 47.3199596274 111.798155261 92.4651437404 28.1548178704 -116.530519499 
-31.1821966385 -83.6944692944 99.7990389384 -122.1366219 -194.462103807 -198.711331152 35.5086527317 173.824609372 -141.418999787 -52.7057092774 39.0908959497 153.80532068 209.044916214 -35.2414147731 239.875872258 -117.926463021 56.1630549866 18.7570062371 17.1070251254 -345.921568012 26.65257832 28.1548178704 52.4798702679 59.1169152928 
-410.533480718 52.6084727848 -132.953319293 -10.4494933341 -104.619031112 -9.47910238864 36.8701499581 -178.721117248 -61.7577009605 108.452643842 -70.5182883681 -145.670916528 -100.264714162 -25.9836474461 -117.321481916 126.697181187 23.6179199385 -50.0816628158 193.505512584 -240.476535553 68.7076773507 -116.530519499 59.1169152928 -168.979892782 
